added_route_id,trip_id
40,73863204
50,73863204
40,73863205
50,73863205
40,73863211
50,73863211
40,73863212
50,73863212
40,73860238
50,73860238
40,73860240
50,73860240
40,73860241
50,73860241
40,73860242
50,73860242
40,73860243
50,73860243
40,73860244
50,73860244
40,73860247
50,73860247
40,73860248
50,73860248
40,74218131
50,74218131
40,74218210
50,74218210
40,74213553
50,74213553
40,74213632
50,74213632
40,73863203
50,73863203
40,73863207
50,73863207
40,73863209
50,73863209
40,73863210
50,73863210
40,73860239
50,73860239
40,73860245
50,73860245
40,73860246
50,73860246
40,73860249
50,73860249
40,73860250
50,73860250
40,73860251
50,73860251
40,73860252
50,73860252
40,73860253
50,73860253
40,74218038
50,74218038
40,74218209
50,74218209
40,74213460
50,74213460
40,74213631
50,74213631
441,74068392
442,74068392
441,74068604
442,74068604
441,74069057
442,74069057
441,74071392
442,74071392
441,74068389
442,74068389
441,74068390
442,74068390
441,74068391
442,74068391
441,74069104
442,74069104
441,74069208
442,74069208
441,74071439
442,74071439
441,74071543
442,74071543
741,73778946
742,73778946
743,73778946
741,73779053
742,73779053
743,73779053
741,73779147
742,73779147
743,73779147
741,73779271
742,73779271
743,73779271
741,73779541
742,73779541
743,73779541
741,73779543
742,73779543
743,73779543
741,73779546
742,73779546
743,73779546
741,73779549
742,73779549
743,73779549
741,73779550
742,73779550
743,73779550
741,73779552
742,73779552
743,73779552
741,73779553
742,73779553
743,73779553
741,73779555
742,73779555
743,73779555
741,73779557
742,73779557
743,73779557
741,73779558
742,73779558
743,73779558
741,73779562
742,73779562
743,73779562
741,73779564
742,73779564
743,73779564
741,73779565
742,73779565
743,73779565
741,73779567
742,73779567
743,73779567
741,73779568
742,73779568
743,73779568
741,73779570
742,73779570
743,73779570
741,73779573
742,73779573
743,73779573
741,73779575
742,73779575
743,73779575
741,73779577
742,73779577
743,73779577
741,73779579
742,73779579
743,73779579
741,73779581
742,73779581
743,73779581
741,73779583
742,73779583
743,73779583
741,73779585
742,73779585
743,73779585
741,73779587
742,73779587
743,73779587
741,73779589
742,73779589
743,73779589
741,73779590
742,73779590
743,73779590
741,73779593
742,73779593
743,73779593
741,73818464
742,73818464
743,73818464
741,73818468
742,73818468
743,73818468
741,73818473
742,73818473
743,73818473
741,73818475
742,73818475
743,73818475
741,73818481
742,73818481
743,73818481
741,73818482
742,73818482
743,73818482
741,73818484
742,73818484
743,73818484
741,73818485
742,73818485
743,73818485
741,73818486
742,73818486
743,73818486
741,73818493
742,73818493
743,73818493
741,73818497
742,73818497
743,73818497
741,73783237
742,73783237
743,73783237
741,73783238
742,73783238
743,73783238
741,73783239
742,73783239
743,73783239
741,73783240
742,73783240
743,73783240
741,73783242
742,73783242
743,73783242
741,73783244
742,73783244
743,73783244
741,73783245
742,73783245
743,73783245
741,73783247
742,73783247
743,73783247
741,73783250
742,73783250
743,73783250
741,73783251
742,73783251
743,73783251
741,73783253
742,73783253
743,73783253
741,73783255
742,73783255
743,73783255
741,73783257
742,73783257
743,73783257
741,73783259
742,73783259
743,73783259
741,73783261
742,73783261
743,73783261
741,73783264
742,73783264
743,73783264
741,73783265
742,73783265
743,73783265
741,73783268
742,73783268
743,73783268
741,73783270
742,73783270
743,73783270
741,73783272
742,73783272
743,73783272
741,73783273
742,73783273
743,73783273
741,73783276
742,73783276
743,73783276
741,73783277
742,73783277
743,73783277
741,73783281
742,73783281
743,73783281
741,73783284
742,73783284
743,73783284
741,73783285
742,73783285
743,73783285
741,73783288
742,73783288
743,73783288
741,73783289
742,73783289
743,73783289
741,73783291
742,73783291
743,73783291
741,73783294
742,73783294
743,73783294
741,73783295
742,73783295
743,73783295
741,73783296
742,73783296
743,73783296
741,73783297
742,73783297
743,73783297
741,73783476
742,73783476
743,73783476
741,73783972
742,73783972
743,73783972
741,73783996
742,73783996
743,73783996
741,73784068
742,73784068
743,73784068
741,73784096
742,73784096
743,73784096
741,73784097
742,73784097
743,73784097
741,73822758
742,73822758
743,73822758
741,73822759
742,73822759
743,73822759
741,73822760
742,73822760
743,73822760
741,73822763
742,73822763
743,73822763
741,73822770
742,73822770
743,73822770
741,73822772
742,73822772
743,73822772
741,73822774
742,73822774
743,73822774
741,73822775
742,73822775
743,73822775
741,73822778
742,73822778
743,73822778
741,73822779
742,73822779
743,73822779
741,73822780
742,73822780
743,73822780
741,73822783
742,73822783
743,73822783
741,73822784
742,73822784
743,73822784
741,73822793
742,73822793
743,73822793
741,74012812
742,74012812
743,74012812
741,74012856
742,74012856
743,74012856
741,74012961
742,74012961
743,74012961
741,74012969
742,74012969
743,74012969
741,74013022
742,74013022
743,74013022
741,74013045
742,74013045
743,74013045
741,74013053
742,74013053
743,74013053
741,74013083
742,74013083
743,74013083
741,74013084
742,74013084
743,74013084
741,74013086
742,74013086
743,74013086
741,74013107
742,74013107
743,74013107
741,74013109
742,74013109
743,74013109
741,74013161
742,74013161
743,74013161
741,74013170
742,74013170
743,74013170
741,74013230
742,74013230
743,74013230
741,74013231
742,74013231
743,74013231
741,74013232
742,74013232
743,74013232
741,74013234
742,74013234
743,74013234
741,74013343
742,74013343
743,74013343
741,74013345
742,74013345
743,74013345
741,74013357
742,74013357
743,74013357
741,74013375
742,74013375
743,74013375
741,74013429
742,74013429
743,74013429
741,74013448
742,74013448
743,74013448
741,74013449
742,74013449
743,74013449
741,74013451
742,74013451
743,74013451
741,74013453
742,74013453
743,74013453
741,74013454
742,74013454
743,74013454
741,74013458
742,74013458
743,74013458
741,74013461
742,74013461
743,74013461
741,74013462
742,74013462
743,74013462
741,74013465
742,74013465
743,74013465
741,74013467
742,74013467
743,74013467
741,74013751
742,74013751
743,74013751
741,74013752
742,74013752
743,74013752
741,74013777
742,74013777
743,74013777
741,74013851
742,74013851
743,74013851
741,74014412
742,74014412
743,74014412
741,74014420
742,74014420
743,74014420
741,74014436
742,74014436
743,74014436
741,74014442
742,74014442
743,74014442
741,74014467
742,74014467
743,74014467
741,74014482
742,74014482
743,74014482
741,74014495
742,74014495
743,74014495
741,74014505
742,74014505
743,74014505
741,74014548
742,74014548
743,74014548
741,74014554
742,74014554
743,74014554
741,74014598
742,74014598
743,74014598
741,74014607
742,74014607
743,74014607
741,74014609
742,74014609
743,74014609
741,74014611
742,74014611
743,74014611
741,74014618
742,74014618
743,74014618
741,73765750
742,73765750
743,73765750
741,73765794
742,73765794
743,73765794
741,73765899
742,73765899
743,73765899
741,73765910
742,73765910
743,73765910
741,73765960
742,73765960
743,73765960
741,73765983
742,73765983
743,73765983
741,73765991
742,73765991
743,73765991
741,73766021
742,73766021
743,73766021
741,73766023
742,73766023
743,73766023
741,73766024
742,73766024
743,73766024
741,73766045
742,73766045
743,73766045
741,73766047
742,73766047
743,73766047
741,73766099
742,73766099
743,73766099
741,73766108
742,73766108
743,73766108
741,73766168
742,73766168
743,73766168
741,73766169
742,73766169
743,73766169
741,73766171
742,73766171
743,73766171
741,73766173
742,73766173
743,73766173
741,73766281
742,73766281
743,73766281
741,73766283
742,73766283
743,73766283
741,73766295
742,73766295
743,73766295
741,73766313
742,73766313
743,73766313
741,73766367
742,73766367
743,73766367
741,73766386
742,73766386
743,73766386
741,73766387
742,73766387
743,73766387
741,73766389
742,73766389
743,73766389
741,73766391
742,73766391
743,73766391
741,73766395
742,73766395
743,73766395
741,73766396
742,73766396
743,73766396
741,73766399
742,73766399
743,73766399
741,73766400
742,73766400
743,73766400
741,73766403
742,73766403
743,73766403
741,73766405
742,73766405
743,73766405
741,73766751
742,73766751
743,73766751
741,73766752
742,73766752
743,73766752
741,73766775
742,73766775
743,73766775
741,73766851
742,73766851
743,73766851
741,73816286
742,73816286
743,73816286
741,73816287
742,73816287
743,73816287
741,73816292
742,73816292
743,73816292
741,73816296
742,73816296
743,73816296
741,73816298
742,73816298
743,73816298
741,73816302
742,73816302
743,73816302
741,73816305
742,73816305
743,73816305
741,73816306
742,73816306
743,73816306
741,73816307
742,73816307
743,73816307
741,73816309
742,73816309
743,73816309
741,73779062
742,73779062
743,73779062
741,73779162
742,73779162
743,73779162
741,73779166
742,73779166
743,73779166
741,73779173
742,73779173
743,73779173
741,73779187
742,73779187
743,73779187
741,73779211
742,73779211
743,73779211
741,73779247
742,73779247
743,73779247
741,73779295
742,73779295
743,73779295
741,73779355
742,73779355
743,73779355
741,73779530
742,73779530
743,73779530
741,73779532
742,73779532
743,73779532
741,73779540
742,73779540
743,73779540
741,73779542
742,73779542
743,73779542
741,73779544
742,73779544
743,73779544
741,73779545
742,73779545
743,73779545
741,73779547
742,73779547
743,73779547
741,73779548
742,73779548
743,73779548
741,73779551
742,73779551
743,73779551
741,73779554
742,73779554
743,73779554
741,73779556
742,73779556
743,73779556
741,73779559
742,73779559
743,73779559
741,73779560
742,73779560
743,73779560
741,73779561
742,73779561
743,73779561
741,73779563
742,73779563
743,73779563
741,73779566
742,73779566
743,73779566
741,73779569
742,73779569
743,73779569
741,73779571
742,73779571
743,73779571
741,73779572
742,73779572
743,73779572
741,73779574
742,73779574
743,73779574
741,73779576
742,73779576
743,73779576
741,73779578
742,73779578
743,73779578
741,73779580
742,73779580
743,73779580
741,73779582
742,73779582
743,73779582
741,73779584
742,73779584
743,73779584
741,73779586
742,73779586
743,73779586
741,73779588
742,73779588
743,73779588
741,73779591
742,73779591
743,73779591
741,73779592
742,73779592
743,73779592
741,73779782
742,73779782
743,73779782
741,73818462
742,73818462
743,73818462
741,73818466
742,73818466
743,73818466
741,73818467
742,73818467
743,73818467
741,73818469
742,73818469
743,73818469
741,73818470
742,73818470
743,73818470
741,73818471
742,73818471
743,73818471
741,73818472
742,73818472
743,73818472
741,73818487
742,73818487
743,73818487
741,73818496
742,73818496
743,73818496
741,73818498
742,73818498
743,73818498
741,73818500
742,73818500
743,73818500
741,73783230
742,73783230
743,73783230
741,73783235
742,73783235
743,73783235
741,73783236
742,73783236
743,73783236
741,73783241
742,73783241
743,73783241
741,73783243
742,73783243
743,73783243
741,73783246
742,73783246
743,73783246
741,73783248
742,73783248
743,73783248
741,73783249
742,73783249
743,73783249
741,73783252
742,73783252
743,73783252
741,73783254
742,73783254
743,73783254
741,73783256
742,73783256
743,73783256
741,73783258
742,73783258
743,73783258
741,73783260
742,73783260
743,73783260
741,73783262
742,73783262
743,73783262
741,73783263
742,73783263
743,73783263
741,73783266
742,73783266
743,73783266
741,73783267
742,73783267
743,73783267
741,73783269
742,73783269
743,73783269
741,73783271
742,73783271
743,73783271
741,73783274
742,73783274
743,73783274
741,73783275
742,73783275
743,73783275
741,73783278
742,73783278
743,73783278
741,73783279
742,73783279
743,73783279
741,73783280
742,73783280
743,73783280
741,73783282
742,73783282
743,73783282
741,73783283
742,73783283
743,73783283
741,73783286
742,73783286
743,73783286
741,73783287
742,73783287
743,73783287
741,73783290
742,73783290
743,73783290
741,73783292
742,73783292
743,73783292
741,73783293
742,73783293
743,73783293
741,73783300
742,73783300
743,73783300
741,73783322
742,73783322
743,73783322
741,73783474
742,73783474
743,73783474
741,73783619
742,73783619
743,73783619
741,73783897
742,73783897
743,73783897
741,73783970
742,73783970
743,73783970
741,73783995
742,73783995
743,73783995
741,73784031
742,73784031
743,73784031
741,73784067
742,73784067
743,73784067
741,73784092
742,73784092
743,73784092
741,73784093
742,73784093
743,73784093
741,73784094
742,73784094
743,73784094
741,73784095
742,73784095
743,73784095
741,73822765
742,73822765
743,73822765
741,73822773
742,73822773
743,73822773
741,73822781
742,73822781
743,73822781
741,73822785
742,73822785
743,73822785
741,73822788
742,73822788
743,73822788
741,73822790
742,73822790
743,73822790
741,73822792
742,73822792
743,73822792
741,73822795
742,73822795
743,73822795
741,73822797
742,73822797
743,73822797
741,73822799
742,73822799
743,73822799
741,73822800
742,73822800
743,73822800
741,73822802
742,73822802
743,73822802
741,73822804
742,73822804
743,73822804
741,73822805
742,73822805
743,73822805
741,74012819
742,74012819
743,74012819
741,74012829
742,74012829
743,74012829
741,74012932
742,74012932
743,74012932
741,74012942
742,74012942
743,74012942
741,74012965
742,74012965
743,74012965
741,74012971
742,74012971
743,74012971
741,74012995
742,74012995
743,74012995
741,74013058
742,74013058
743,74013058
741,74013089
742,74013089
743,74013089
741,74013132
742,74013132
743,74013132
741,74013150
742,74013150
743,74013150
741,74013159
742,74013159
743,74013159
741,74013165
742,74013165
743,74013165
741,74013201
742,74013201
743,74013201
741,74013233
742,74013233
743,74013233
741,74013235
742,74013235
743,74013235
741,74013254
742,74013254
743,74013254
741,74013310
742,74013310
743,74013310
741,74013325
742,74013325
743,74013325
741,74013328
742,74013328
743,74013328
741,74013336
742,74013336
743,74013336
741,74013339
742,74013339
743,74013339
741,74013358
742,74013358
743,74013358
741,74013393
742,74013393
743,74013393
741,74013411
742,74013411
743,74013411
741,74013417
742,74013417
743,74013417
741,74013447
742,74013447
743,74013447
741,74013450
742,74013450
743,74013450
741,74013452
742,74013452
743,74013452
741,74013455
742,74013455
743,74013455
741,74013456
742,74013456
743,74013456
741,74013457
742,74013457
743,74013457
741,74013459
742,74013459
743,74013459
741,74013460
742,74013460
743,74013460
741,74013463
742,74013463
743,74013463
741,74013464
742,74013464
743,74013464
741,74013466
742,74013466
743,74013466
741,74013468
742,74013468
743,74013468
741,74013685
742,74013685
743,74013685
741,74013704
742,74013704
743,74013704
741,74013715
742,74013715
743,74013715
741,74013765
742,74013765
743,74013765
741,74013808
742,74013808
743,74013808
741,74013846
742,74013846
743,74013846
741,74013875
742,74013875
743,74013875
741,74013910
742,74013910
743,74013910
741,74014444
742,74014444
743,74014444
741,74014513
742,74014513
743,74014513
741,74014517
742,74014517
743,74014517
741,74014541
742,74014541
743,74014541
741,74014552
742,74014552
743,74014552
741,74014597
742,74014597
743,74014597
741,74014606
742,74014606
743,74014606
741,74014636
742,74014636
743,74014636
741,74014650
742,74014650
743,74014650
741,74014666
742,74014666
743,74014666
741,74014669
742,74014669
743,74014669
741,74014680
742,74014680
743,74014680
741,74014716
742,74014716
743,74014716
741,73765757
742,73765757
743,73765757
741,73765767
742,73765767
743,73765767
741,73765876
742,73765876
743,73765876
741,73765880
742,73765880
743,73765880
741,73765906
742,73765906
743,73765906
741,73765908
742,73765908
743,73765908
741,73765933
742,73765933
743,73765933
741,73765996
742,73765996
743,73765996
741,73766027
742,73766027
743,73766027
741,73766072
742,73766072
743,73766072
741,73766087
742,73766087
743,73766087
741,73766097
742,73766097
743,73766097
741,73766105
742,73766105
743,73766105
741,73766138
742,73766138
743,73766138
741,73766170
742,73766170
743,73766170
741,73766172
742,73766172
743,73766172
741,73766192
742,73766192
743,73766192
741,73766248
742,73766248
743,73766248
741,73766263
742,73766263
743,73766263
741,73766265
742,73766265
743,73766265
741,73766273
742,73766273
743,73766273
741,73766277
742,73766277
743,73766277
741,73766296
742,73766296
743,73766296
741,73766331
742,73766331
743,73766331
741,73766349
742,73766349
743,73766349
741,73766355
742,73766355
743,73766355
741,73766385
742,73766385
743,73766385
741,73766388
742,73766388
743,73766388
741,73766390
742,73766390
743,73766390
741,73766392
742,73766392
743,73766392
741,73766393
742,73766393
743,73766393
741,73766394
742,73766394
743,73766394
741,73766397
742,73766397
743,73766397
741,73766398
742,73766398
743,73766398
741,73766401
742,73766401
743,73766401
741,73766402
742,73766402
743,73766402
741,73766404
742,73766404
743,73766404
741,73766406
742,73766406
743,73766406
741,73766685
742,73766685
743,73766685
741,73766704
742,73766704
743,73766704
741,73766715
742,73766715
743,73766715
741,73766765
742,73766765
743,73766765
741,73766808
742,73766808
743,73766808
741,73766844
742,73766844
743,73766844
741,73766875
742,73766875
743,73766875
741,73766910
742,73766910
743,73766910
741,73816290
742,73816290
743,73816290
741,73816294
742,73816294
743,73816294
741,73816300
742,73816300
743,73816300
741,73816301
742,73816301
743,73816301
741,73816303
742,73816303
743,73816303
741,73816310
742,73816310
743,73816310
741,73816312
742,73816312
743,73816312
741,73816313
742,73816313
743,73816313
741,73816315
742,73816315
743,73816315
741,73816317
742,73816317
743,73816317
89,73759942
93,73759942
89,73763773
93,73763773
89,73911318
93,73911318
89,73901452
93,73901452
19,73541953_1
201,73541953_2
19,73541954_1
201,73541954_2
32,73583750_1
32,73583750_2
10,73583933_1
16,73583933_2
8,73584048_1
66,73584048_2
8,73584048_2
66,73584048_3
66,73584058_1
57,73584058_2
66,73584058_2
57,73584058_3
57,73584128_1
39,73584128_2
19,73601209_1
201,73601209_2
19,73601210_1
201,73601210_2
39,74213834_1
38,74213834_2
39,74213837_1
39,74213837_2
39,74213838_1
39,74213838_2
39,74213839_1
39,74213839_2
39,74213840_1
39,74213840_2
39,74213842_1
39,74213842_2
39,74213843_1
39,74213843_2
36,74214347_1
36,74214347_2
36,74214492_1
34,74214492_2
21,74214525_1
21,74214525_2
32,74214611_1
23,74214611_2
37,74214814_1
37,74214814_2
38,74214875_1
38,74214875_2
39,74218412_1
38,74218412_2
39,74218415_1
38,74218415_2
39,74218416_1
39,74218416_2
39,74218417_1
39,74218417_2
39,74218418_1
39,74218418_2
39,74218420_1
39,74218420_2
39,74218421_1
39,74218421_2
36,74218925_1
34,74218925_2
34,74219070_1
32,74219070_2
21,74219103_1
21,74219103_2
23,74219189_1
22,74219189_2
37,74219392_1
36,74219392_2
38,74219453_1
37,74219453_2
CR-Franklin,StPats2026-817434-5806
CR-Franklin,StPats2026-817435-5815
CR-Franklin,StPats2026-817436-5821
CR-Franklin,StPats2026-817439-5831
CR-Franklin,StPats2026-817440-5838
CR-Franklin,StPats2026-817441-5839
CR-Franklin,StPats2026-817442-5846
CR-Franklin,StPats2026-817446-5867
CR-Franklin,StPats2026-817447-5868
CR-Franklin,StPats2026-817448-5877
CR-Franklin,StPats2026-817449-5878
CR-Franklin,StPats2026-817450-5884
CR-Franklin,StPats2026-817451-5885
CR-Franklin,StPats2026-817452-5892
CR-Franklin,StPats2026-817453-5893
CR-Kingston,StPats2026-817531-7047
CR-Fairmount,StPats2026-817414-5706
CR-Fairmount,StPats2026-817415-5715
CR-Fairmount,StPats2026-817416-5721
CR-Fairmount,StPats2026-817419-5731
CR-Fairmount,StPats2026-817420-5738
CR-Fairmount,StPats2026-817421-5739
CR-Fairmount,StPats2026-817422-5746
CR-Fairmount,StPats2026-817426-5767
CR-Fairmount,StPats2026-817427-5768
CR-Fairmount,StPats2026-817428-5777
CR-Fairmount,StPats2026-817429-5778
CR-Fairmount,StPats2026-817430-5784
CR-Fairmount,StPats2026-817431-5785
CR-Fairmount,StPats2026-817432-5792
CR-Fairmount,StPats2026-817433-5793
CR-Franklin,BasewUpdatedWalpoleTurns-772778-856
CR-Franklin,BasewUpdatedWalpoleTurns-772785-874
CR-Franklin,BasewUpdatedWalpoleTurns-772786-875
CR-Franklin,BasewUpdatedWalpoleTurns-772789-885
CR-Franklin,BasewUpdatedWalpoleTurns-772792-892
CR-Franklin,BasewUpdatedWalpoleTurns-772793-893
CR-Franklin,BasewUpdatedWalpoleTurns-772796-908
CR-Franklin,BasewUpdatedWalpoleTurns-772824-984
CR-Kingston,BasewUpdatedWalpoleTurns-772993-2002
CR-Kingston,BasewUpdatedWalpoleTurns-773010-2047
CR-Needham,BasewUpdatedWalpoleTurns-772791-889
CR-Needham,BasewUpdatedWalpoleTurns-772793-893
CR-Fairmount,BasewUpdatedWalpoleTurns-772745-776
CR-Fairmount,BasewUpdatedWalpoleTurns-772748-784
CR-Fairmount,BasewUpdatedWalpoleTurns-772750-792
CR-Fairmount,BasewUpdatedWalpoleTurns-772751-793
CR-Fairmount,BasewUpdatedWalpoleTurns-772825-991
CR-Fairmount,BasewUpdatedWalpoleTurns-772944-1708
CR-Fairmount,BasewUpdatedWalpoleTurns-772945-1709
CR-Fairmount,BasewUpdatedWalpoleTurns-772961-1775
CR-Fairmount,BasewUpdatedWalpoleTurns-772963-1785
CR-Fairmount,BasewUpdatedWalpoleTurns-774689-1788
CR-Fairmount,BasewUpdatedWalpoleTurns-774691-1782
CR-Fairmount,BasewUpdatedWalpoleTurns-788924-1756
CR-Franklin,SouthWKNDBase25-772528-5806
CR-Franklin,SouthWKNDBase25-772529-5815
CR-Franklin,SouthWKNDBase25-772530-5821
CR-Franklin,SouthWKNDBase25-772531-5824
CR-Franklin,SouthWKNDBase25-772532-5830
CR-Franklin,SouthWKNDBase25-772533-5831
CR-Franklin,SouthWKNDBase25-772534-5838
CR-Franklin,SouthWKNDBase25-772535-5839
CR-Franklin,SouthWKNDBase25-772536-5846
CR-Franklin,SouthWKNDBase25-772537-5847
CR-Franklin,SouthWKNDBase25-772538-5855
CR-Franklin,SouthWKNDBase25-772539-5856
CR-Franklin,SouthWKNDBase25-772540-5867
CR-Franklin,SouthWKNDBase25-772541-5868
CR-Franklin,SouthWKNDBase25-772542-5877
CR-Franklin,SouthWKNDBase25-772543-5878
CR-Franklin,SouthWKNDBase25-772544-5884
CR-Franklin,SouthWKNDBase25-772545-5885
CR-Franklin,SouthWKNDBase25-772546-5892
CR-Franklin,SouthWKNDBase25-772547-5893
CR-Kingston,SouthWKNDBase25-772641-7047
CR-Fairmount,SouthWKNDBase25-772508-5706
CR-Fairmount,SouthWKNDBase25-772509-5715
CR-Fairmount,SouthWKNDBase25-772510-5721
CR-Fairmount,SouthWKNDBase25-772511-5724
CR-Fairmount,SouthWKNDBase25-772512-5730
CR-Fairmount,SouthWKNDBase25-772513-5731
CR-Fairmount,SouthWKNDBase25-772514-5738
CR-Fairmount,SouthWKNDBase25-772515-5739
CR-Fairmount,SouthWKNDBase25-772516-5746
CR-Fairmount,SouthWKNDBase25-772517-5747
CR-Fairmount,SouthWKNDBase25-772518-5754
CR-Fairmount,SouthWKNDBase25-772519-5755
CR-Fairmount,SouthWKNDBase25-772520-5767
CR-Fairmount,SouthWKNDBase25-772521-5768
CR-Fairmount,SouthWKNDBase25-772522-5777
CR-Fairmount,SouthWKNDBase25-772523-5778
CR-Fairmount,SouthWKNDBase25-772524-5784
CR-Fairmount,SouthWKNDBase25-772525-5785
CR-Fairmount,SouthWKNDBase25-772526-5792
CR-Fairmount,SouthWKNDBase25-772527-5793
CR-Franklin,CR-FoxboroWalpoleShuttle-Weekday-0-09:33:00
CR-Franklin,CR-FoxboroWalpoleShuttle-Weekday-0-11:25:00
CR-Franklin,CR-FoxboroWalpoleShuttle-Weekday-0-13:15:00
CR-Franklin,CR-FoxboroWalpoleShuttle-Weekday-0-15:21:00
CR-Franklin,CR-FoxboroWalpoleShuttle-Weekday-1-10:20:00
CR-Franklin,CR-FoxboroWalpoleShuttle-Weekday-1-12:15:00
CR-Franklin,CR-FoxboroWalpoleShuttle-Weekday-1-13:53:00
CR-Franklin,CR-FoxboroWalpoleShuttle-Weekday-1-15:50:00
CR-Lowell,CR-TowerAShuttle-LowellLocal-1-05:46:00
CR-Lowell,CR-TowerAShuttle-LowellLocal-1-07:46:00
CR-Lowell,CR-TowerAShuttle-LowellLocal-1-09:46:00
CR-Lowell,CR-TowerAShuttle-LowellLocal-1-11:46:00
CR-Lowell,CR-TowerAShuttle-LowellLocal-1-13:46:00
CR-Lowell,CR-TowerAShuttle-LowellLocal-1-15:46:00
CR-Lowell,CR-TowerAShuttle-LowellLocal-1-17:46:00
CR-Lowell,CR-TowerAShuttle-LowellLocal-1-19:46:00
CR-Lowell,CR-TowerAShuttle-LowellLocal-1-22:24:00
CR-Lowell,CR-TowerAShuttle-LowellLocal-0-05:53:00
CR-Lowell,CR-TowerAShuttle-LowellLocal-0-07:53:00
CR-Lowell,CR-TowerAShuttle-LowellLocal-0-09:38:00
CR-Lowell,CR-TowerAShuttle-LowellLocal-0-11:38:00
CR-Lowell,CR-TowerAShuttle-LowellLocal-0-13:38:00
CR-Lowell,CR-TowerAShuttle-LowellLocal-0-15:38:00
CR-Lowell,CR-TowerAShuttle-LowellLocal-0-17:48:00
CR-Lowell,CR-TowerAShuttle-LowellLocal-0-20:28:00
CR-Lowell,CR-TowerAShuttle-LowellLocal-0-23:13:00
CR-Lowell,CR-TowerAShuttle-LowellExpress-1-05:46:00
CR-Lowell,CR-TowerAShuttle-LowellExpress-1-07:46:00
CR-Lowell,CR-TowerAShuttle-LowellExpress-1-09:46:00
CR-Lowell,CR-TowerAShuttle-LowellExpress-1-11:46:00
CR-Lowell,CR-TowerAShuttle-LowellExpress-1-13:46:00
CR-Lowell,CR-TowerAShuttle-LowellExpress-1-15:46:00
CR-Lowell,CR-TowerAShuttle-LowellExpress-1-17:46:00
CR-Lowell,CR-TowerAShuttle-LowellExpress-1-19:46:00
CR-Lowell,CR-TowerAShuttle-LowellExpress-1-22:24:00
CR-Lowell,CR-TowerAShuttle-LowellExpress-0-06:13:00
CR-Lowell,CR-TowerAShuttle-LowellExpress-0-08:13:00
CR-Lowell,CR-TowerAShuttle-LowellExpress-0-10:03:00
CR-Lowell,CR-TowerAShuttle-LowellExpress-0-12:03:00
CR-Lowell,CR-TowerAShuttle-LowellExpress-0-14:03:00
CR-Lowell,CR-TowerAShuttle-LowellExpress-0-16:08:00
CR-Lowell,CR-TowerAShuttle-LowellExpress-0-18:08:00
CR-Lowell,CR-TowerAShuttle-LowellExpress-0-20:48:00
CR-Lowell,CR-TowerAShuttle-LowellExpress-0-23:33:00
CR-Newburyport,CR-TowerAShuttle-NewburyportLocal-1-05:42:00
CR-Newburyport,CR-TowerAShuttle-NewburyportLocal-1-06:52:00
CR-Newburyport,CR-TowerAShuttle-NewburyportLocal-1-07:52:00
CR-Newburyport,CR-TowerAShuttle-NewburyportLocal-1-08:52:00
CR-Newburyport,CR-TowerAShuttle-NewburyportLocal-1-09:52:00
CR-Newburyport,CR-TowerAShuttle-NewburyportLocal-1-10:52:00
CR-Newburyport,CR-TowerAShuttle-NewburyportLocal-1-11:52:00
CR-Newburyport,CR-TowerAShuttle-NewburyportLocal-1-12:52:00
CR-Newburyport,CR-TowerAShuttle-NewburyportLocal-1-13:52:00
CR-Newburyport,CR-TowerAShuttle-NewburyportLocal-1-14:52:00
CR-Newburyport,CR-TowerAShuttle-NewburyportLocal-1-15:52:00
CR-Newburyport,CR-TowerAShuttle-NewburyportLocal-1-16:52:00
CR-Newburyport,CR-TowerAShuttle-NewburyportLocal-1-17:52:00
CR-Newburyport,CR-TowerAShuttle-NewburyportLocal-1-18:52:00
CR-Newburyport,CR-TowerAShuttle-NewburyportLocal-1-19:52:00
CR-Newburyport,CR-TowerAShuttle-NewburyportLocal-1-20:52:00
CR-Newburyport,CR-TowerAShuttle-NewburyportLocal-1-21:52:00
CR-Newburyport,CR-TowerAShuttle-NewburyportLocal-1-23:22:00
CR-Newburyport,CR-TowerAShuttle-NewburyportLocal-0-05:55:00
CR-Newburyport,CR-TowerAShuttle-NewburyportLocal-0-06:55:00
CR-Newburyport,CR-TowerAShuttle-NewburyportLocal-0-07:45:00
CR-Newburyport,CR-TowerAShuttle-NewburyportLocal-0-08:45:00
CR-Newburyport,CR-TowerAShuttle-NewburyportLocal-0-09:45:00
CR-Newburyport,CR-TowerAShuttle-NewburyportLocal-0-10:25:00
CR-Newburyport,CR-TowerAShuttle-NewburyportLocal-0-11:25:00
CR-Newburyport,CR-TowerAShuttle-NewburyportLocal-0-12:25:00
CR-Newburyport,CR-TowerAShuttle-NewburyportLocal-0-13:25:00
CR-Newburyport,CR-TowerAShuttle-NewburyportLocal-0-14:25:00
CR-Newburyport,CR-TowerAShuttle-NewburyportLocal-0-15:35:00
CR-Newburyport,CR-TowerAShuttle-NewburyportLocal-0-16:35:00
CR-Newburyport,CR-TowerAShuttle-NewburyportLocal-0-17:35:00
CR-Newburyport,CR-TowerAShuttle-NewburyportLocal-0-18:35:00
CR-Newburyport,CR-TowerAShuttle-NewburyportLocal-0-19:56:00
CR-Newburyport,CR-TowerAShuttle-NewburyportLocal-0-21:36:00
CR-Newburyport,CR-TowerAShuttle-NewburyportLocal-0-23:06:00
CR-Newburyport,CR-TowerAShuttle-NewburyportLocal-0-24:00:00
CR-Newburyport,CR-TowerAShuttle-NewburyportExpress-1-05:42:00
CR-Newburyport,CR-TowerAShuttle-NewburyportExpress-1-06:52:00
CR-Newburyport,CR-TowerAShuttle-NewburyportExpress-1-07:52:00
CR-Newburyport,CR-TowerAShuttle-NewburyportExpress-1-08:52:00
CR-Newburyport,CR-TowerAShuttle-NewburyportExpress-1-09:52:00
CR-Newburyport,CR-TowerAShuttle-NewburyportExpress-1-10:52:00
CR-Newburyport,CR-TowerAShuttle-NewburyportExpress-1-11:52:00
CR-Newburyport,CR-TowerAShuttle-NewburyportExpress-1-12:52:00
CR-Newburyport,CR-TowerAShuttle-NewburyportExpress-1-13:52:00
CR-Newburyport,CR-TowerAShuttle-NewburyportExpress-1-14:52:00
CR-Newburyport,CR-TowerAShuttle-NewburyportExpress-1-15:52:00
CR-Newburyport,CR-TowerAShuttle-NewburyportExpress-1-16:52:00
CR-Newburyport,CR-TowerAShuttle-NewburyportExpress-1-17:52:00
CR-Newburyport,CR-TowerAShuttle-NewburyportExpress-1-18:52:00
CR-Newburyport,CR-TowerAShuttle-NewburyportExpress-1-19:52:00
CR-Newburyport,CR-TowerAShuttle-NewburyportExpress-1-20:52:00
CR-Newburyport,CR-TowerAShuttle-NewburyportExpress-1-21:52:00
CR-Newburyport,CR-TowerAShuttle-NewburyportExpress-1-23:22:00
CR-Newburyport,CR-TowerAShuttle-NewburyportExpress-0-06:05:00
CR-Newburyport,CR-TowerAShuttle-NewburyportExpress-0-07:05:00
CR-Newburyport,CR-TowerAShuttle-NewburyportExpress-0-08:05:00
CR-Newburyport,CR-TowerAShuttle-NewburyportExpress-0-09:05:00
CR-Newburyport,CR-TowerAShuttle-NewburyportExpress-0-09:45:00
CR-Newburyport,CR-TowerAShuttle-NewburyportExpress-0-10:45:00
CR-Newburyport,CR-TowerAShuttle-NewburyportExpress-0-11:45:00
CR-Newburyport,CR-TowerAShuttle-NewburyportExpress-0-12:45:00
CR-Newburyport,CR-TowerAShuttle-NewburyportExpress-0-13:45:00
CR-Newburyport,CR-TowerAShuttle-NewburyportExpress-0-14:45:00
CR-Newburyport,CR-TowerAShuttle-NewburyportExpress-0-15:45:00
CR-Newburyport,CR-TowerAShuttle-NewburyportExpress-0-16:55:00
CR-Newburyport,CR-TowerAShuttle-NewburyportExpress-0-17:55:00
CR-Newburyport,CR-TowerAShuttle-NewburyportExpress-0-18:55:00
CR-Newburyport,CR-TowerAShuttle-NewburyportExpress-0-20:16:00
CR-Newburyport,CR-TowerAShuttle-NewburyportExpress-0-21:51:00
CR-Newburyport,CR-TowerAShuttle-NewburyportExpress-0-23:21:00
